Chr_01	100000	0	0
Chr_01	200000	0.001795334	0
Chr_01	300000	0.006420333	0.179533389
Chr_01	400000	0.007442263	0.821566729
Chr_01	500000	0	1.565793038
Chr_01	600000	0.004284498	1.565793038
Chr_01	700000	0.004283719	1.994242829
Chr_01	800000	0	2.4226147
Chr_01	900000	0.008059737	2.4226147
Chr_01	1000000	0.005683793	3.228588427
Chr_01	1100000	0.006165102	3.796967768
Chr_01	1200000	0.004531969	4.413477943
Chr_01	1300000	0.00480068	4.866674816
Chr_01	1400000	0.00303843	5.346742821
Chr_01	1500000	0.005853368	5.650585838
Chr_01	1600000	0	6.235922626
Chr_01	1700000	0.008516497	6.235922626
Chr_01	1900000	0.008516495	7.087572289
Chr_01	2000000	0.011139702	7.939221816
Chr_01	2100000	0.010011369	9.053191978
Chr_01	2200000	0.00201411	10.05432887
Chr_01	2300000	0.004507568	10.25573992
Chr_01	2400000	0.006109629	10.70649668
Chr_01	2500000	0	11.31745962
Chr_01	2600000	0.003661864	11.31745962
Chr_01	2700000	0.003660588	11.68364605
Chr_01	2800000	0.001714933	12.04970485
Chr_01	2900000	0.002437071	12.22119812
Chr_01	3000000	0.009279863	12.46490527
Chr_01	3100000	0	13.39289155
Chr_01	3200000	0.002952108	13.39289155
Chr_01	3300000	0.003639347	13.68810237
Chr_01	3400000	0.011194159	14.05203711
Chr_01	3500000	0.001702551	15.17145301
Chr_01	3600000	0.004018582	15.34170811
Chr_01	3700000	0.002977713	15.74356633
Chr_01	3800000	0.008863909	16.04133761
Chr_01	3900000	0	16.9277285
Chr_01	4000000	0	16.9277285
Chr_01	4100000	0.001682797	16.9277285
Chr_01	4200000	0.007267138	17.09600821
Chr_01	4300000	0.008140151	17.82272201
Chr_01	4400000	0.001390708	18.63673708
Chr_01	4500000	0	18.77580792
Chr_01	4600000	0.005485703	18.77580792
Chr_01	4700000	0	19.32437822
Chr_01	4800000	0.00305449	19.32437822
Chr_01	4900000	0.003022285	19.62982718
Chr_01	5000000	0.00181752	19.93205565
Chr_01	5100000	0.003722462	20.11380768
Chr_01	5200000	0	20.48605386
Chr_01	5300000	0.001425074	20.48605386
Chr_01	5400000	0.007330271	20.6285613
Chr_01	5500000	0	21.36158835
Chr_01	5600000	0	21.36158835
Chr_01	5700000	0.007080827	21.36158835
Chr_01	5800000	0.004486068	22.06967108
Chr_01	6000000	0.004486073	22.51827789
Chr_01	6400000	0.008992701	22.96688521
Chr_01	6500000	0.004335136	23.8661553
Chr_01	6600000	0	24.29966887
Chr_01	6700000	0.002471656	24.29966887
Chr_01	6800000	0	24.5468345
Chr_01	6900000	0.001882592	24.5468345
Chr_01	7000000	0.00407194	24.73509366
Chr_01	7100000	0.001873414	25.14228766
Chr_01	7200000	0	25.32962909
Chr_01	7300000	0	25.32962909
Chr_01	7400000	0.007341664	25.32962909
Chr_01	7500000	0.000623408	26.0637955
Chr_01	7600000	0.002107967	26.12613629
Chr_01	7700000	0	26.33693294
Chr_01	8000000	0.004789418	26.33693294
Chr_01	8100000	0	26.81587472
Chr_01	8200000	0	26.81587472
Chr_01	8300000	0.001466957	26.81587472
Chr_01	8500000	0.001466956	26.96257045
Chr_01	8600000	0.001693689	27.10926604
Chr_01	8700000	0.001229549	27.27863496
Chr_01	8800000	0	27.40158982
Chr_01	8900000	0.000890958	27.40158982
Chr_01	10500000	0.000351324	27.49068562
Chr_01	10800000	0.000810786	27.52581802
Chr_01	11100000	0.000810787	27.60689661
Chr_01	11200000	0	27.68797534
Chr_01	11300000	0	27.68797534
Chr_01	11400000	0.029688194	27.68797534
Chr_01	11500000	0.020717496	30.65679476
Chr_01	11600000	0.009999992	32.72854432
Chr_01	12600000	-2929.205053	33.72854348
Chr_02	100000	0.000958803	0
Chr_02	200000	0.002387304	0.095880321
Chr_02	300000	0.002197412	0.334610697
Chr_02	400000	0.003316415	0.554351878
Chr_02	500000	0.003429991	0.885993339
Chr_02	600000	0.008002063	1.228992406
Chr_02	700000	0.00140137	2.02919871
Chr_02	800000	0.001782852	2.169335689
Chr_02	900000	0.005532492	2.347620872
Chr_02	1000000	0.001736677	2.900870058
Chr_02	1100000	0.004979335	3.074537748
Chr_02	1200000	0.001824828	3.572471222
Chr_02	1300000	0.001849634	3.754953981
Chr_02	1400000	0.005052687	3.939917397
Chr_02	1500000	0.002873479	4.445186102
Chr_02	1600000	0.009088457	4.732534038
Chr_02	1700000	0.009633791	5.641379784
Chr_02	1800000	0.002943862	6.604758854
Chr_02	1900000	0.00772709	6.899145065
Chr_02	2000000	0.008433933	7.671854023
Chr_02	2100000	0	8.51524733
Chr_02	2200000	0	8.51524733
Chr_02	2300000	0.006913202	8.51524733
Chr_02	2400000	0.02152683	9.206567511
Chr_02	2500000	0.003645338	11.35925049
Chr_02	2600000	0.001201654	11.72378425
Chr_02	2700000	0.002937576	11.84394963
Chr_02	2800000	0.006073958	12.13770723
Chr_02	2900000	0.001764742	12.74510305
Chr_02	3000000	0	12.92157721
Chr_02	3100000	0.022313969	12.92157721
Chr_02	3200000	0.006653384	15.15297415
Chr_02	3300000	0.0040423	15.81831256
Chr_02	3400000	0.003390446	16.22254255
Chr_02	3500000	0	16.56158712
Chr_02	3600000	0.002442888	16.56158712
Chr_02	3700000	0	16.80587594
Chr_02	3800000	0.003232074	16.80587594
Chr_02	3900000	0	17.12908332
Chr_02	4100000	0.001655446	17.12908332
Chr_02	4200000	0	17.2946279
Chr_02	4300000	0	17.2946279
Chr_02	4400000	0	17.2946279
Chr_02	4500000	0	17.2946279
Chr_02	4600000	0.002982347	17.2946279
Chr_02	4700000	0.004349861	17.59286265
Chr_02	4900000	0.000171818	18.02784878
Chr_02	5000000	0	18.04503054
Chr_02	5100000	0.002910164	18.04503054
Chr_02	5200000	0.003344589	18.33604695
Chr_02	5300000	8.46579E-05	18.67050587
Chr_02	5400000	0.00144454	18.67897166
Chr_02	5600000	0.00144454	18.82342565
Chr_02	5700000	0.000702887	18.96787966
Chr_02	5800000	0.005665436	19.03816839
Chr_02	5900000	0.000425799	19.60471202
Chr_02	6200000	0.003675137	19.64729191
Chr_02	6400000	0.001994361	20.0148056
Chr_02	6500000	0.001375857	20.21424167
Chr_02	6600000	0.000782983	20.35182733
Chr_02	7200000	0.000782983	20.43012561
Chr_02	7500000	0.000782983	20.50842394
Chr_02	7600000	0	20.58672223
Chr_02	7800000	0	20.58672223
Chr_02	7900000	0.001268018	20.58672223
Chr_02	8000000	0	20.71352402
Chr_02	8500000	0	20.71352402
Chr_02	8800000	0	20.71352402
Chr_02	11200000	0	20.71352402
Chr_02	11700000	0	20.71352402
Chr_02	12200000	0	20.71352402
Chr_02	12400000	0	20.71352402
Chr_02	12600000	0.00063282	20.71352402
Chr_02	12900000	0.00063277	20.77680599
Chr_02	13000000	0	20.84008304
Chr_02	13200000	0.002505273	20.84008304
Chr_02	13300000	0	21.09061031
Chr_02	13400000	0	21.09061031
Chr_02	13500000	0.007175121	21.09061031
Chr_02	14000000	0	21.80812244
Chr_02	14100000	0	21.80812244
Chr_02	14200000	0.002223639	21.80812244
Chr_02	14300000	0	22.03048632
Chr_02	14400000	0	22.03048632
Chr_02	14500000	0	22.03048632
Chr_02	14600000	0	22.03048632
Chr_02	14700000	0	22.03048632
Chr_02	14800000	0.001759804	22.03048632
Chr_02	14900000	0.001986687	22.20646667
Chr_02	15000000	0.0019729	22.40513537
Chr_02	15100000	0.003978436	22.60242539
Chr_02	15200000	0	23.00026896
Chr_02	15300000	0.004164998	23.00026896
Chr_02	15400000	0.006058807	23.41676877
Chr_02	15500000	0.002372981	24.02264944
Chr_02	15600000	0.005647711	24.25994755
Chr_02	15700000	0	24.82471862
Chr_02	15800000	0.003620629	24.82471862
Chr_02	15900000	0	25.1867815
Chr_02	16000000	0	25.1867815
Chr_02	16100000	0.003357292	25.1867815
Chr_02	16200000	0.001806029	25.52251068
Chr_02	16300000	0.003629144	25.70311361
Chr_02	16400000	0	26.06602803
Chr_02	16500000	0.006325833	26.06602803
Chr_02	16600000	0.001870026	26.69861131
Chr_02	16800000	0.001870027	26.88561389
Chr_02	16900000	0.002462004	27.07261657
Chr_02	17000000	0	27.31881693
Chr_02	17100000	0.001115923	27.31881693
Chr_02	17200000	0.005792448	27.43040919
Chr_02	17400000	0.005637038	28.00965403
Chr_02	17500000	0.003622025	28.57335781
Chr_02	17600000	0.001997458	28.9355603
Chr_02	17700000	0.003640249	29.13530605
Chr_02	17800000	0.003581024	29.49933098
Chr_02	17900000	0.004205752	29.85743338
Chr_02	18000000	0.007376882	30.27800857
Chr_02	18100000	0.007940807	31.01569679
Chr_02	18200000	0	31.80977745
Chr_02	18300000	0.003339151	31.80977745
Chr_02	18400000	0.00299532	32.14369257
Chr_02	18500000	0.00306694	32.44322458
Chr_02	18600000	0.007011635	32.7499186
Chr_02	18700000	0.004800082	33.45108206
Chr_02	18800000	0.002135644	33.93109029
Chr_02	18900000	0.002099452	34.14465465
Chr_02	19000000	0.005323143	34.35459981
Chr_02	19100000	0.004666975	34.88691413
Chr_02	19200000	0.002142987	35.35361161
Chr_02	19300000	0.008377101	35.56791028
Chr_02	19400000	0.007887767	36.40562034
Chr_02	19500000	0.001277203	37.19439707
Chr_02	19600000	0.009714376	37.32211738
Chr_02	19700000	0.001688077	38.29355496
Chr_02	19800000	0.002535753	38.46236262
Chr_02	19900000	0.005344423	38.71593797
Chr_02	20000000	0.008147543	39.25038022
Chr_02	20100000	0.006356319	40.06513449
Chr_02	20200000	0	40.70076639
Chr_02	20300000	-4275.817319	40.70076639
Chr_03	300000	0.001776608	0
Chr_03	400000	0	0.177660792
Chr_03	500000	0	0.177660792
Chr_03	600000	0.001217976	0.177660792
Chr_03	700000	0	0.299458392
Chr_03	800000	0	0.299458392
Chr_03	900000	0	0.299458392
Chr_03	1100000	0	0.299458392
Chr_03	1200000	0	0.299458392
Chr_03	1300000	0	0.299458392
Chr_03	1400000	0	0.299458392
Chr_03	1500000	0	0.299458392
Chr_03	1600000	0.000719356	0.299458392
Chr_03	1700000	0	0.37139396
Chr_03	1900000	0	0.37139396
Chr_03	2100000	0	0.37139396
Chr_03	2200000	0.001499322	0.37139396
Chr_03	2500000	0.00149931	0.521326142
Chr_03	3100000	0.001508052	0.67125712
Chr_03	3300000	0.001508052	0.822062337
Chr_03	3400000	0.003156169	0.972867521
Chr_03	3500000	0	1.2884844
Chr_03	3700000	0	1.2884844
Chr_03	4600000	0	1.2884844
Chr_03	4800000	0.003409152	1.2884844
Chr_03	4900000	0	1.629399617
Chr_03	5000000	0.001803983	1.629399617
Chr_03	5900000	0.001803987	1.809797963
Chr_03	6000000	0	1.990196631
Chr_03	6100000	0	1.990196631
Chr_03	6600000	0	1.990196631
Chr_03	7400000	0	1.990196631
Chr_03	12700000	0.002600792	1.990196631
Chr_03	12800000	0.007066564	2.250275789
Chr_03	12900000	0.003159124	2.956932178
Chr_03	13500000	0.003159126	3.27284462
Chr_03	13600000	0.000943158	3.58875722
Chr_03	13900000	0.002095146	3.683072985
Chr_03	14200000	0.002095149	3.892587623
Chr_03	14300000	0.006772609	4.102102482
Chr_03	14500000	0	4.779363407
Chr_03	14700000	0.00762204	4.779363407
Chr_03	14800000	0	5.54156738
Chr_03	15300000	0	5.54156738
Chr_03	15500000	0	5.54156738
Chr_03	15700000	0	5.54156738
Chr_03	17000000	0	5.54156738
Chr_03	17100000	0.014165318	5.54156738
Chr_03	17200000	0	6.958099174
Chr_03	17300000	0	6.958099174
Chr_03	17400000	0	6.958099174
Chr_03	17500000	0	6.958099174
Chr_03	17600000	0.003784854	6.958099174
Chr_03	17700000	0	7.336584579
Chr_03	17900000	0	7.336584579
Chr_03	18000000	4.51748E-05	7.336584579
Chr_03	18100000	0.001418037	7.341102059
Chr_03	18200000	0	7.482905791
Chr_03	18300000	0	7.482905791
Chr_03	18400000	0.008550805	7.482905791
Chr_03	18500000	0.000820705	8.337986302
Chr_03	18600000	0.005325611	8.420056817
Chr_03	18700000	0	8.952617919
Chr_03	18800000	0	8.952617919
Chr_03	18900000	0.001901527	8.952617919
Chr_03	19000000	0.003454516	9.14277057
Chr_03	19100000	0.004157231	9.48822216
Chr_03	19300000	0.002959849	9.903945248
Chr_03	19400000	0.00164597	10.19993012
Chr_03	19500000	0.007187421	10.36452708
Chr_03	19600000	0.002588464	11.08326922
Chr_03	19700000	0.006172597	11.34211565
Chr_03	19800000	0.003311751	11.9593753
Chr_03	19900000	0.00202918	12.29055041
Chr_03	20000000	0.007473564	12.49346838
Chr_03	20100000	0.003456626	13.2408248
Chr_03	20200000	0.005798348	13.58648739
Chr_03	20300000	0.003829663	14.16632222
Chr_03	20400000	0.006772976	14.54928851
Chr_03	20500000	0.001381397	15.22658608
Chr_03	20600000	0	15.36472577
Chr_03	20700000	0.014091033	15.36472577
Chr_03	20800000	0.010105973	16.77382907
Chr_03	20900000	0.001986088	17.78442637
Chr_03	21000000	0.00785623	17.98303516
Chr_03	21100000	0.006562468	18.76865814
Chr_03	21200000	0.004978655	19.42490495
Chr_03	21300000	0	19.92277041
Chr_03	21400000	0.002872815	19.92277041
Chr_03	21500000	0.005778182	20.21005191
Chr_03	21600000	0	20.78787007
Chr_03	21700000	0.006159036	20.78787007
Chr_03	21800000	0.001580945	21.40377363
Chr_03	21900000	0.00185761	21.56186814
Chr_03	22000000	0.00368363	21.74762912
Chr_03	22100000	0.008331364	22.11599217
Chr_03	22200000	0.001431637	22.94912853
Chr_03	22300000	0.015601929	23.09229224
Chr_03	22400000	0	24.65248513
Chr_03	22500000	0.002572801	24.65248513
Chr_03	22600000	0.004582546	24.90976522
Chr_03	22700000	0.016290619	25.36801986
Chr_03	22800000	0	26.99708175
Chr_03	22900000	0.002482895	26.99708175
Chr_03	23000000	0.005263421	27.24537128
Chr_03	23100000	0.006148261	27.77171338
Chr_03	23200000	0.002090279	28.38653952
Chr_03	23300000	0.017999281	28.59556746
Chr_03	23400000	0.007958372	30.39549559
Chr_03	23500000	0	31.19133275
Chr_03	23600000	-3866.984964	31.19133275
Chr_04	0	0	0
Chr_04	100000	0	0
Chr_04	200000	0.00245606	0
Chr_04	300000	0	0.245605954
Chr_04	400000	0	0.245605954
Chr_04	500000	0	0.245605954
Chr_04	600000	0.010927175	0.245605954
Chr_04	700000	0.001815531	1.338323457
Chr_04	800000	0	1.51987654
Chr_04	900000	0	1.51987654
Chr_04	1000000	0.001272397	1.51987654
Chr_04	1100000	0	1.64711623
Chr_04	1200000	0.006899517	1.64711623
Chr_04	1300000	0.002786391	2.337067947
Chr_04	1400000	0.001777296	2.615707061
Chr_04	1500000	0.003810254	2.793436645
Chr_04	1600000	0.001993106	3.174462003
Chr_04	1700000	0.007212931	3.373772626
Chr_04	1800000	0.004919337	4.095065764
Chr_04	1900000	0.001891551	4.586999514
Chr_04	2000000	0.001223186	4.77615457
Chr_04	2100000	0.001509492	4.8984732
Chr_04	2200000	0.011443417	5.04942241
Chr_04	2300000	0.003920238	6.193764127
Chr_04	2400000	0.001892676	6.58578791
Chr_04	2500000	0.006772405	6.775055558
Chr_04	2600000	0.011464922	7.452296035
Chr_04	2700000	0	8.598788189
Chr_04	2800000	0.005585533	8.598788189
Chr_04	2900000	0.004198483	9.157341503
Chr_04	3000000	0.002823955	9.577189813
Chr_04	3100000	0.009784408	9.859585321
Chr_04	3200000	0	10.83802617
Chr_04	3300000	0.002717311	10.83802617
Chr_04	3400000	0.001454622	11.10975729
Chr_04	3500000	0.007974821	11.2552195
Chr_04	3600000	0.004481003	12.05270162
Chr_04	3700000	0.002485483	12.50080197
Chr_04	3800000	0.004864289	12.74935029
Chr_04	3900000	0.004883871	13.23577917
Chr_04	4000000	0	13.72416627
Chr_04	4100000	0.003606432	13.72416627
Chr_04	4200000	0	14.08480944
Chr_04	4300000	0.004583616	14.08480944
Chr_04	4400000	0.008602526	14.54317099
Chr_04	4500000	0.003076629	15.4034236
Chr_04	4600000	0	15.71108647
Chr_04	4700000	0.007559228	15.71108647
Chr_04	4800000	0	16.46700929
Chr_04	4900000	0.001419956	16.46700929
Chr_04	5000000	0.005796774	16.60900491
Chr_04	5100000	0.009240523	17.18868231
Chr_04	5200000	0	18.11273464
Chr_04	5300000	0.002446284	18.11273464
Chr_04	5400000	0	18.35736302
Chr_04	5500000	0	18.35736302
Chr_04	5600000	0.002929841	18.35736302
Chr_04	5700000	0.006906585	18.65034714
Chr_04	5800000	0.002726897	19.34100565
Chr_04	5900000	0.002526203	19.61369538
Chr_04	6000000	0.004128755	19.86631569
Chr_04	6100000	0	20.27919123
Chr_04	6200000	0.001575351	20.27919123
Chr_04	6300000	0.00123061	20.43672634
Chr_04	6400000	0.005025327	20.55978731
Chr_04	6500000	0.001309033	21.06231999
Chr_04	6600000	0	21.1932233
Chr_04	6700000	0	21.1932233
Chr_04	6800000	0	21.1932233
Chr_04	6900000	0	21.1932233
Chr_04	7000000	0	21.1932233
Chr_04	7100000	0	21.1932233
Chr_04	7200000	0	21.1932233
Chr_04	7300000	3.85949E-05	21.1932233
Chr_04	7400000	0.001226345	21.19708279
Chr_04	7500000	0.001101425	21.31971728
Chr_04	7700000	0.003468715	21.42985979
Chr_04	8400000	0.003474323	21.77673133
Chr_04	8500000	0	22.12416359
Chr_04	8700000	0.004564873	22.12416359
Chr_04	8800000	0.002902835	22.58065093
Chr_04	8900000	0	22.87093447
Chr_04	9300000	0	22.87093447
Chr_04	9600000	0	22.87093447
Chr_04	9700000	0	22.87093447
Chr_04	10000000	0	22.87093447
Chr_04	10100000	0	22.87093447
Chr_04	10200000	0.002639024	22.87093447
Chr_04	10300000	0	23.13483692
Chr_04	10500000	0	23.13483692
Chr_04	10600000	0	23.13483692
Chr_04	10700000	0	23.13483692
Chr_04	11500000	0	23.13483692
Chr_04	13800000	0.000427702	23.13483692
Chr_04	14000000	0.000427703	23.17760714
Chr_04	14200000	0.000431327	23.22037744
Chr_04	14300000	0	23.26351016
Chr_04	14400000	0.005138086	23.26351016
Chr_04	14500000	0.002569067	23.77731871
Chr_04	14600000	0	24.03422538
Chr_04	14700000	0	24.03422538
Chr_04	14800000	0	24.03422538
Chr_04	14900000	0	24.03422538
Chr_04	15000000	0.002583928	24.03422538
Chr_04	15200000	0.00067782	24.29261813
Chr_04	15300000	0.000607617	24.36040017
Chr_04	15400000	0	24.42116186
Chr_04	15500000	0.00193872	24.42116186
Chr_04	15700000	0.001938719	24.61503384
Chr_04	15800000	0	24.80890578
Chr_04	15900000	0	24.80890578
Chr_04	16000000	0	24.80890578
Chr_04	16100000	0.001230169	24.80890578
Chr_04	16200000	0.003684883	24.93192267
Chr_04	16300000	0.001801486	25.30041093
Chr_04	16400000	0.001817861	25.48055948
Chr_04	16500000	0.003467543	25.66234556
Chr_04	16600000	0.000922077	26.00909983
Chr_04	17000000	0.000922076	26.10130749
Chr_04	17200000	0.001235169	26.19351513
Chr_04	17400000	0.001235169	26.31703207
Chr_04	17500000	0.007531026	26.44054901
Chr_04	17600000	0.006576816	27.19365164
Chr_04	17700000	0.003586524	27.85133327
Chr_04	17800000	0	28.20998567
Chr_04	17900000	0.000849959	28.20998567
Chr_04	18300000	0.000849959	28.29498156
Chr_04	18500000	0	28.37997742
Chr_04	18600000	0.008221484	28.37997742
Chr_04	18800000	0.008221485	29.20212577
Chr_04	18900000	0.003675792	30.0242743
Chr_04	19000000	0.001884576	30.39185347
Chr_04	19100000	0.005228237	30.58031103
Chr_04	19200000	0.005290111	31.10313473
Chr_04	19400000	0.00529011	31.63214583
Chr_04	19500000	0	32.16115686
Chr_04	19600000	0.007973912	32.16115686
Chr_04	19700000	0.002333871	32.95854807
Chr_04	19800000	0.002397092	33.19193521
Chr_04	19900000	0.001408005	33.43164444
Chr_04	20000000	0	33.57244495
Chr_04	20100000	0.0061729	33.57244495
Chr_04	20200000	0	34.18973494
Chr_04	20300000	0.003897778	34.18973494
Chr_04	20400000	0.005275966	34.57951273
Chr_04	20500000	0.001289578	35.1071093
Chr_04	20600000	0.00239327	35.23606706
Chr_04	20700000	0.004557258	35.47539409
Chr_04	20800000	0.001780925	35.93111989
Chr_04	20900000	0.007796968	36.10921243
Chr_04	21000000	0.003127632	36.88890925
Chr_04	21100000	0.008482051	37.20167243
Chr_04	21200000	0.004876502	38.0498775
Chr_04	21300000	0	38.53752772
Chr_04	21400000	0	38.53752772
Chr_04	21500000	0.004211663	38.53752772
Chr_04	21600000	0.00485775	38.95869405
Chr_04	21700000	0.001856221	39.44446901
Chr_04	21800000	0.007719082	39.63009115
Chr_04	21900000	0.004590368	40.40199937
Chr_04	22000000	0.002425704	40.86103616
Chr_04	22100000	0	41.10360653
Chr_04	22200000	0.007549194	41.10360653
Chr_04	22300000	0.005428662	41.85852596
Chr_04	22400000	0	42.40139213
Chr_04	22500000	0.003976745	42.40139213
Chr_04	22600000	0	42.79906662
Chr_04	22700000	-5005.729819	42.79906662
Chr_05	100000	0	0
Chr_05	200000	0	0
Chr_05	300000	0	0
Chr_05	400000	0.009894838	0
Chr_05	500000	0.005106181	0.989483774
Chr_05	600000	0.007141513	1.500101876
Chr_05	700000	0.006300967	2.214253221
Chr_05	800000	0.011531123	2.844349902
Chr_05	900000	0.00742967	3.997462218
Chr_05	1000000	0.007250095	4.740429203
Chr_05	1100000	0.001949999	5.465438712
Chr_05	1200000	0.004685092	5.66043857
Chr_05	1300000	0	6.128947768
Chr_05	1400000	0.006739207	6.128947768
Chr_05	1500000	0.004179281	6.802868464
Chr_05	1600000	0.005037955	7.22079653
Chr_05	1700000	0.004874982	7.724592019
Chr_05	1800000	0	8.212090184
Chr_05	1900000	0.004905093	8.212090184
Chr_05	2000000	0.004852856	8.702599494
Chr_05	2100000	0.003210982	9.187885124
Chr_05	2200000	0.002007562	9.508983323
Chr_05	2300000	0.001452957	9.709739499
Chr_05	2400000	0.002999746	9.85503517
Chr_05	2500000	0.001486661	10.15500981
Chr_05	2600000	0.002433117	10.30367592
Chr_05	2700000	0	10.54698766
Chr_05	2800000	0.005558216	10.54698766
Chr_05	2900000	0	11.10280922
Chr_05	3000000	0.004144814	11.10280922
Chr_05	3100000	0.007365617	11.51729058
Chr_05	3200000	0.002434733	12.25385224
Chr_05	3300000	0	12.49732557
Chr_05	3400000	0.014473564	12.49732557
Chr_05	3500000	0.010259252	13.94468197
Chr_05	3600000	0	14.97060719
Chr_05	3700000	0.004908778	14.97060719
Chr_05	3800000	0.00164197	15.46148497
Chr_05	3900000	0.004408915	15.62568193
Chr_05	4000000	0.002532459	16.0665734
Chr_05	4100000	0.001384858	16.31981926
Chr_05	4300000	0.001384858	16.45830511
Chr_05	4400000	0.003473318	16.59679096
Chr_05	4500000	0.010645482	16.94412277
Chr_05	4600000	0.003150798	18.008671
Chr_05	4900000	0.0031508	18.32375081
Chr_05	5100000	0.003150801	18.63883082
Chr_05	5500000	0.003150801	18.95391089
Chr_05	5700000	0	19.268991
Chr_05	5800000	0.003108128	19.268991
Chr_05	7100000	0.00310813	19.5798038
Chr_05	7200000	0	19.89061676
Chr_05	7300000	0	19.89061676
Chr_05	7400000	0	19.89061676
Chr_05	7500000	0	19.89061676
Chr_05	7600000	0.00279659	19.89061676
Chr_05	7700000	0	20.17027574
Chr_05	7900000	0	20.17027574
Chr_05	8000000	0	20.17027574
Chr_05	8100000	0	20.17027574
Chr_05	8300000	0	20.17027574
Chr_05	8500000	0	20.17027574
Chr_05	8600000	0.001671109	20.17027574
Chr_05	12400000	0.001671109	20.33738667
Chr_05	12600000	0.001671107	20.5044976
Chr_05	12900000	0.001677903	20.6716083
Chr_05	13300000	0.001677903	20.83939858
Chr_05	14400000	0.001677902	21.00718886
Chr_05	15900000	0.001677902	21.17497901
Chr_05	16500000	0.001677903	21.34276918
Chr_05	16700000	0.00689702	21.51055949
Chr_05	16900000	0.006897021	22.20026148
Chr_05	17000000	0	22.88996358
Chr_05	17100000	0	22.88996358
Chr_05	17200000	0.003926424	22.88996358
Chr_05	17400000	0.003926423	23.28260597
Chr_05	17500000	0.006652615	23.6752483
Chr_05	17600000	0	24.34050984
Chr_05	17900000	0.003206424	24.34050984
Chr_05	18000000	0.001984324	24.6611522
Chr_05	18200000	0.001984323	24.85958463
Chr_05	18300000	0.003879271	25.05801697
Chr_05	18400000	0	25.44594405
Chr_05	18500000	0	25.44594405
Chr_05	18600000	0.008967459	25.44594405
Chr_05	18700000	0.003843816	26.34268994
Chr_05	18800000	0.001565293	26.72707154
Chr_05	18900000	0.009884534	26.88360085
Chr_05	19000000	0	27.8720543
Chr_05	19100000	0.007365004	27.8720543
Chr_05	19200000	0.01208531	28.60855471
Chr_05	19300000	0	29.81708572
Chr_05	19400000	0.004321225	29.81708572
Chr_05	19500000	0.004285779	30.24920818
Chr_05	19600000	0	30.67778609
Chr_05	19700000	0.008595997	30.67778609
Chr_05	19800000	0.004018999	31.53738582
Chr_05	19900000	0	31.93928569
Chr_05	20000000	0	31.93928569
Chr_05	20100000	0.006861564	31.93928569
Chr_05	20200000	0	32.62544205
Chr_05	20300000	0.004496342	32.62544205
Chr_05	20400000	0.005235002	33.07507629
Chr_05	20500000	0.012336644	33.5985765
Chr_05	20600000	0.002328349	34.83224093
Chr_05	20700000	0.001227833	35.06507581
Chr_05	20800000	0	35.18785915
Chr_05	20900000	0	35.18785915
Chr_05	21000000	0	35.18785915
Chr_05	21100000	0.001438533	35.18785915
Chr_05	21200000	0.006977364	35.3317124
Chr_05	21300000	0.001435646	36.02944879
Chr_05	21400000	5.32433E-05	36.17301339
Chr_05	21500000	0.001162486	36.17833772
Chr_05	21600000	-3574.666241	36.29458634
Chr_06	100000	0	0
Chr_06	200000	0.004042548	0
Chr_06	300000	0.008183082	0.404254814
Chr_06	400000	0	1.222563031
Chr_06	500000	0.003635538	1.222563031
Chr_06	600000	0	1.586116782
Chr_06	700000	0.002800423	1.586116782
Chr_06	800000	0.005989238	1.86615909
Chr_06	900000	0.003894126	2.465082904
Chr_06	1000000	0.006827915	2.854495467
Chr_06	1100000	0.001810924	3.537286953
Chr_06	1200000	0.012724619	3.718379355
Chr_06	1300000	0.005003632	4.990841266
Chr_06	1400000	0.003978193	5.491204497
Chr_06	1500000	0.010667955	5.88902379
Chr_06	1600000	0	6.955819295
Chr_06	1700000	0.006077379	6.955819295
Chr_06	1800000	0.001150698	7.563557193
Chr_06	1900000	0.010190022	7.678626993
Chr_06	2000000	0.005750809	8.697629215
Chr_06	2100000	0	9.272710127
Chr_06	2200000	0.005463169	9.272710127
Chr_06	2300000	0.005774542	9.819026996
Chr_06	2400000	0.004589682	10.39648123
Chr_06	2500000	0	10.85544943
Chr_06	2600000	0.002437419	10.85544943
Chr_06	2700000	0.001261028	11.09919137
Chr_06	2800000	0.001169475	11.22529417
Chr_06	2900000	0.002406006	11.34224168
Chr_06	3000000	0.004444545	11.58284226
Chr_06	3100000	0.01083571	12.02729672
Chr_06	3200000	0.003838862	13.11086769
Chr_06	3300000	0.002332057	13.49475386
Chr_06	3400000	0.001959422	13.7279596
Chr_06	3500000	0.002741222	13.9239018
Chr_06	3600000	0.007728207	14.19802398
Chr_06	3700000	0.00152502	14.97084471
Chr_06	3800000	0	15.12334676
Chr_06	3900000	0.009913706	15.12334676
Chr_06	4000000	0.005606807	16.11471738
Chr_06	4100000	0	16.67539809
Chr_06	4200000	0.002548719	16.67539809
Chr_06	4300000	0.003928878	16.93026996
Chr_06	4400000	0.002891284	17.32315772
Chr_06	4500000	0.004954253	17.61228611
Chr_06	4600000	0.001896079	18.10771137
Chr_06	4700000	0	18.29731927
Chr_06	4800000	0.004220871	18.29731927
Chr_06	4900000	0.002212475	18.71940632
Chr_06	5100000	0.002212475	18.94065387
Chr_06	5200000	0.003587809	19.16190137
Chr_06	5300000	0.001349416	19.52068229
Chr_06	5400000	0.008017227	19.65562389
Chr_06	5500000	0.004031492	20.45734655
Chr_06	5600000	0	20.86049573
Chr_06	5700000	0.009277891	20.86049573
Chr_06	6000000	0.009277892	21.78828485
Chr_06	6100000	0.001389092	22.71607402
Chr_06	6200000	0.002621472	22.85498319
Chr_06	6300000	0.007293754	23.11713042
Chr_06	6400000	0	23.84650579
Chr_06	6500000	0.001219877	23.84650579
Chr_06	6600000	0	23.96849352
Chr_06	6700000	0.005344818	23.96849352
Chr_06	6800000	0	24.50297531
Chr_06	6900000	0.001794463	24.50297531
Chr_06	7000000	0.001335827	24.68242157
Chr_06	7100000	0.002811401	24.8160043
Chr_06	7300000	0.0028114	25.09714438
Chr_06	7600000	0.001714712	25.37828435
Chr_06	8000000	0.001714713	25.54975552
Chr_06	8100000	0	25.72122678
Chr_06	8200000	0.003043992	25.72122678
Chr_06	8700000	0.003043994	26.02562598
Chr_06	8800000	0.000473769	26.33002534
Chr_06	9100000	0.00047377	26.37740229
Chr_06	9300000	0.000473774	26.42477929
Chr_06	9400000	0.001060169	26.47215666
Chr_06	9900000	0.001470366	26.5781736
Chr_06	10000000	0	26.7252102
Chr_06	10100000	0	26.7252102
Chr_06	12800000	0	26.7252102
Chr_06	13000000	0	26.7252102
Chr_06	13200000	0	26.7252102
Chr_06	13300000	0	26.7252102
Chr_06	13400000	0.000671505	26.7252102
Chr_06	13800000	0.000669439	26.79236074
Chr_06	13900000	0	26.85930465
Chr_06	14000000	0	26.85930465
Chr_06	14100000	0.008219608	26.85930465
Chr_06	14200000	0	27.68126547
Chr_06	15000000	0	27.68126547
Chr_06	15300000	0	27.68126547
Chr_06	15400000	0	27.68126547
Chr_06	15500000	0	27.68126547
Chr_06	15700000	0	27.68126547
Chr_06	15800000	0.002194572	27.68126547
Chr_06	15900000	0.00141958	27.90072262
Chr_06	16200000	0.001419583	28.0426806
Chr_06	16300000	0.008875549	28.18463893
Chr_06	16400000	0	29.07219387
Chr_06	16500000	0	29.07219387
Chr_06	16600000	0.008165508	29.07219387
Chr_06	16900000	0	29.88874465
Chr_06	17000000	0.002286035	29.88874465
Chr_06	17200000	0.002293769	30.11734811
Chr_06	17300000	0.004413755	30.34672504
Chr_06	17500000	0.004413746	30.78810051
Chr_06	17600000	0	31.22947511
Chr_06	17700000	0.00656853	31.22947511
Chr_06	17800000	0	31.88632809
Chr_06	17900000	0.008845453	31.88632809
Chr_06	18000000	0.002502774	32.77087338
Chr_06	18100000	0.006366907	33.02115075
Chr_06	18200000	0	33.65784145
Chr_06	18300000	0.006212366	33.65784145
Chr_06	18400000	0	34.27907801
Chr_06	18500000	0	34.27907801
Chr_06	18600000	0	34.27907801
Chr_06	18700000	0.002232257	34.27907801
Chr_06	18800000	0.003057087	34.50230372
Chr_06	18900000	0.006154307	34.80801246
Chr_06	19000000	0.006897604	35.42344315
Chr_06	19100000	0	36.11320353
Chr_06	19200000	0.003662745	36.11320353
Chr_06	19300000	0.001705867	36.47947807
Chr_06	19400000	0.003488625	36.65006474
Chr_06	19500000	0	36.99892723
Chr_06	19600000	0.008194565	36.99892723
Chr_06	19700000	0.005538378	37.81838369
Chr_06	19800000	0.001641355	38.37222153
Chr_06	19900000	0.00215355	38.53635706
Chr_06	20000000	0.012811374	38.75171207
Chr_06	20100000	0.007360296	40.03284949
Chr_06	20200000	0.004514346	40.76887912
Chr_06	20300000	0	41.22031371
Chr_06	20400000	0.012717195	41.22031371
Chr_06	20500000	0.002214657	42.49203319
Chr_06	20600000	0	42.71349891
Chr_06	20700000	-4259.781618	42.71349891
Chr_07	100000	0	0
Chr_07	200000	0.002905349	0
Chr_07	300000	0.004412758	0.290534945
Chr_07	400000	0.004111527	0.731810787
Chr_07	500000	0.007757271	1.142963492
Chr_07	600000	0.006089393	1.918690618
Chr_07	700000	0.00280596	2.527629932
Chr_07	800000	0.004160595	2.808225922
Chr_07	900000	0.00168781	3.224285392
Chr_07	1000000	0.002725289	3.39306637
Chr_07	1100000	0.004474684	3.665595223
Chr_07	1200000	0.008750571	4.113063656
Chr_07	1300000	0.012088272	4.98812073
Chr_07	1400000	0.012605483	6.196947938
Chr_07	1500000	0.011256017	7.457496265
Chr_07	1600000	0.01043809	8.583097959
Chr_07	1700000	0.003386161	9.62690694
Chr_07	1800000	0.016964598	9.965522993
Chr_07	1900000	0.00810707	11.6619828
Chr_07	2000000	0.004516263	12.4726898
Chr_07	2100000	0.004271342	12.92431609
Chr_07	2200000	0.006287213	13.35145031
Chr_07	2300000	0.006717364	13.98017161
Chr_07	2400000	0.01334322	14.651908
Chr_07	2500000	0.003803984	15.98622998
Chr_07	2600000	0	16.36662835
Chr_07	2700000	0.008753808	16.36662835
Chr_07	2800000	0	17.24200919
Chr_07	2900000	0.00247044	17.24200919
Chr_07	3000000	0.002081973	17.48905318
Chr_07	3100000	0.003124967	17.69725051
Chr_07	3200000	0.00292392	18.00974719
Chr_07	3300000	0.003481266	18.30213919
Chr_07	3400000	0.003261237	18.65026583
Chr_07	3500000	0.00223453	18.97638952
Chr_07	3600000	0	19.19984256
Chr_07	3800000	0.007150865	19.19984256
Chr_07	3900000	0	19.91492904
Chr_07	4000000	0	19.91492904
Chr_07	4100000	0.004942272	19.91492904
Chr_07	4300000	0.00494227	20.40915623
Chr_07	4600000	0.004942243	20.90338319
Chr_07	4800000	0.004827057	21.39760753
Chr_07	4900000	0	21.88031319
Chr_07	5000000	0.010530841	21.88031319
Chr_07	5100000	0	22.93339732
Chr_07	5200000	0.003003161	22.93339732
Chr_07	5300000	0.00932027	23.23371344
Chr_07	5400000	0.003052602	24.16574045
Chr_07	5600000	0.0030526	24.47100062
Chr_07	5900000	0.003052601	24.77626061
Chr_07	6400000	0.0030526	25.08152074
Chr_07	6600000	0.003052602	25.38678078
Chr_07	6700000	0.003945273	25.69204099
Chr_07	7400000	0.00394527	26.08656825
Chr_07	7700000	0.003945273	26.48109522
Chr_07	8100000	0.001504389	26.87562254
Chr_07	13100000	0.001504387	27.02606142
Chr_07	14600000	0.001504387	27.17650009
Chr_07	14800000	0.001504389	27.32693884
Chr_07	15000000	0.000993073	27.47737771
Chr_07	15300000	0.000993068	27.57668497
Chr_07	15700000	0.000993067	27.67599178
Chr_07	15800000	0	27.77529851
Chr_07	17200000	0	27.77529851
Chr_07	17400000	0.006445114	27.77529851
Chr_07	17700000	0.006445117	28.41980994
Chr_07	18700000	0.006445114	29.06432166
Chr_07	18800000	0.001826773	29.70883308
Chr_07	19200000	0.001826774	29.89151036
Chr_07	19500000	0.001826778	30.07418779
Chr_07	19700000	0.001826776	30.25686561
Chr_07	19800000	0.016548422	30.43954325
Chr_07	19900000	0.00364922	32.09438542
Chr_07	20600000	0.00364922	32.45930739
Chr_07	20800000	0.009999296	32.82422936
Chr_07	21800000	-2849.102825	33.82415899
Chr_08	100000	0.005153663	0
Chr_08	200000	0.018428237	0.51536634
Chr_08	300000	0.011560254	2.358190033
Chr_08	400000	0.011315542	3.514215396
Chr_08	500000	0.003284802	4.645769612
Chr_08	600000	0.009956526	4.974249859
Chr_08	700000	0.002494014	5.969902436
Chr_08	800000	0	6.219303788
Chr_08	900000	0	6.219303788
Chr_08	1000000	0	6.219303788
Chr_08	1100000	0	6.219303788
Chr_08	1200000	0	6.219303788
Chr_08	1300000	0	6.219303788
Chr_08	1400000	0	6.219303788
Chr_08	1500000	0	6.219303788
Chr_08	1600000	0	6.219303788
Chr_08	1700000	0	6.219303788
Chr_08	1800000	0	6.219303788
Chr_08	1900000	0	6.219303788
Chr_08	2000000	0	6.219303788
Chr_08	2100000	0	6.219303788
Chr_08	2200000	0	6.219303788
Chr_08	2300000	0	6.219303788
Chr_08	2400000	0	6.219303788
Chr_08	2500000	0	6.219303788
Chr_08	2600000	0	6.219303788
Chr_08	2700000	0	6.219303788
Chr_08	2800000	0	6.219303788
Chr_08	2900000	0	6.219303788
Chr_08	3000000	0	6.219303788
Chr_08	3100000	0	6.219303788
Chr_08	3200000	0	6.219303788
Chr_08	3300000	0	6.219303788
Chr_08	3400000	0	6.219303788
Chr_08	3500000	0	6.219303788
Chr_08	3600000	0	6.219303788
Chr_08	3700000	0	6.219303788
Chr_08	3800000	0	6.219303788
Chr_08	3900000	0	6.219303788
Chr_08	4000000	0	6.219303788
Chr_08	4100000	0	6.219303788
Chr_08	4200000	0	6.219303788
Chr_08	4300000	0	6.219303788
Chr_08	4400000	0	6.219303788
Chr_08	4500000	0	6.219303788
Chr_08	4600000	0	6.219303788
Chr_08	4700000	0	6.219303788
Chr_08	4800000	0	6.219303788
Chr_08	4900000	0	6.219303788
Chr_08	5200000	0	6.219303788
Chr_08	5300000	0	6.219303788
Chr_08	5400000	0	6.219303788
Chr_08	5500000	0	6.219303788
Chr_08	5600000	0	6.219303788
Chr_08	5700000	0	6.219303788
Chr_08	5800000	0	6.219303788
Chr_08	6000000	0	6.219303788
Chr_08	6200000	0	6.219303788
Chr_08	6300000	0	6.219303788
Chr_08	6400000	0	6.219303788
Chr_08	6500000	0	6.219303788
Chr_08	6600000	0	6.219303788
Chr_08	6700000	0	6.219303788
Chr_08	6800000	0	6.219303788
Chr_08	6900000	0	6.219303788
Chr_08	7100000	0	6.219303788
Chr_08	7200000	0	6.219303788
Chr_08	7300000	0	6.219303788
Chr_08	7400000	0	6.219303788
Chr_08	7500000	0	6.219303788
Chr_08	7600000	0.001326045	6.219303788
Chr_08	7800000	0.001326049	6.351908317
Chr_08	7900000	0	6.484513266
Chr_08	8300000	0	6.484513266
Chr_08	8400000	0.001343308	6.484513266
Chr_08	8500000	0	6.618844046
Chr_08	8700000	0	6.618844046
Chr_08	8800000	0	6.618844046
Chr_08	9000000	0	6.618844046
Chr_08	9100000	0.002744274	6.618844046
Chr_08	9500000	0.002744266	6.893271445
Chr_08	9600000	0.004035901	7.167698086
Chr_08	9700000	0.000732686	7.571288182
Chr_08	14300000	0.00073269	7.644556798
Chr_08	14400000	0	7.717825777
Chr_08	14500000	0.00359677	7.717825777
Chr_08	14800000	0.003278122	8.077502801
Chr_08	14900000	0	8.405315035
Chr_08	15000000	0.002293349	8.405315035
Chr_08	15100000	0.001595243	8.634649944
Chr_08	15300000	0	8.794174277
Chr_08	15400000	0.00712722	8.794174277
Chr_08	15500000	0	9.506896303
Chr_08	15600000	0.004248615	9.506896303
Chr_08	15800000	0.004248613	9.931757777
Chr_08	15900000	0	10.35661905
Chr_08	16000000	0.004277949	10.35661905
Chr_08	16100000	0	10.78441397
Chr_08	16200000	0	10.78441397
Chr_08	16300000	0.002905941	10.78441397
Chr_08	16500000	0.002905942	11.07500804
Chr_08	16800000	0.002905945	11.36560223
Chr_08	16900000	0.004949885	11.65619672
Chr_08	17000000	0.00125653	12.15118524
Chr_08	17100000	0	12.27683829
Chr_08	17200000	0.002436198	12.27683829
Chr_08	17300000	0	12.52045808
Chr_08	17400000	0.006098197	12.52045808
Chr_08	17500000	0	13.13027777
Chr_08	17600000	0	13.13027777
Chr_08	17700000	0.001520994	13.13027777
Chr_08	17800000	0.013782056	13.28237716
Chr_08	17900000	0.006455042	14.66058279
Chr_08	18000000	0	15.30608696
Chr_08	18100000	0.006607982	15.30608696
Chr_08	18200000	0.010915498	15.96688517
Chr_08	18300000	0.01076462	17.05843496
Chr_08	18400000	0.003749476	18.13489701
Chr_08	18500000	0.007903629	18.50984464
Chr_08	18600000	0.003950534	19.30020751
Chr_08	18700000	0.00516322	19.69526094
Chr_08	18800000	0.007176451	20.21158298
Chr_08	18900000	0.002871216	20.92922808
Chr_08	19000000	0.002601905	21.21634963
Chr_08	19100000	0.004870482	21.47654011
Chr_08	19200000	0.009936081	21.96358828
Chr_08	19300000	0	22.95719635
Chr_08	19400000	0.005960782	22.95719635
Chr_08	19500000	0.002070416	23.55327452
Chr_08	19600000	0.003149907	23.7603161
Chr_08	19700000	0.001574585	24.07530684
Chr_08	19800000	0.004575072	24.23276531
Chr_08	19900000	0.001200791	24.69027248
Chr_08	20000000	0.001807798	24.81035161
Chr_08	20100000	0.005487815	24.99113136
Chr_08	20200000	0	25.53991286
Chr_08	20300000	0.002436121	25.53991286
Chr_08	20400000	0	25.78352493
Chr_08	20500000	0	25.78352493
Chr_08	20600000	0.004220014	25.78352493
Chr_08	20700000	0.007261589	26.20552634
Chr_08	20800000	0	26.93168528
Chr_08	20900000	0.002976712	26.93168528
Chr_08	21000000	0.007313016	27.22935643
Chr_08	21100000	0.001396264	27.96065802
Chr_08	21200000	0.001716314	28.10028438
Chr_08	21300000	0.002438144	28.27191575
Chr_08	21400000	0.00313893	28.51573018
Chr_08	21500000	0	28.82962316
Chr_08	21600000	0.001214689	28.82962316
Chr_08	21700000	0	28.95109204
Chr_08	21800000	0	28.95109204
Chr_08	21900000	0	28.95109204
Chr_08	22000000	0.001844482	28.95109204
Chr_08	22200000	0.001844482	29.13554024
Chr_08	22300000	0.002441615	29.31998842
Chr_08	22400000	0	29.5641499
Chr_08	22500000	0.001730471	29.5641499
Chr_08	22600000	0.002776963	29.737197
Chr_08	22700000	0	30.01489328
Chr_08	22900000	0	30.01489328
Chr_08	23000000	0	30.01489328
Chr_08	23100000	0	30.01489328
Chr_08	23200000	0.004746708	30.01489328
Chr_08	23300000	0	30.48956412
Chr_08	23400000	0	30.48956412
Chr_08	23500000	0.002480316	30.48956412
Chr_08	23600000	0	30.7375957
Chr_08	23700000	0.005296505	30.7375957
Chr_08	23800000	0.003501587	31.26724622
Chr_08	23900000	0	31.61740493
Chr_08	24000000	0.003682869	31.61740493
Chr_08	24100000	0	31.98569179
Chr_08	24200000	0.002447199	31.98569179
Chr_08	24300000	0	32.23041166
Chr_08	24400000	0.001885439	32.23041166
Chr_08	24700000	0.001885443	32.41895559
Chr_08	24800000	0.003503288	32.60749991
Chr_08	25000000	0.002156665	32.95782868
Chr_08	25100000	0.012751188	33.17349522
Chr_08	25200000	0	34.44861407
Chr_08	25300000	0.002805268	34.44861407
Chr_08	25400000	0	34.72914086
Chr_08	25500000	0.003323375	34.72914086
Chr_08	25600000	0.003319609	35.0614784
Chr_08	25700000	0.008161322	35.39343926
Chr_08	25800000	0.002029088	36.20957145
Chr_08	25900000	0	36.41248024
Chr_08	26000000	0.007898444	36.41248024
Chr_08	26100000	0	37.2023246
Chr_08	26200000	0	37.2023246
Chr_08	26300000	0.004019782	37.2023246
Chr_08	26400000	0	37.60430279
Chr_08	26500000	0.003950523	37.60430279
Chr_08	26600000	0.001230522	37.99935506
Chr_08	26700000	0	38.12240723
Chr_08	26800000	0	38.12240723
Chr_08	26900000	0.003409474	38.12240723
Chr_08	27000000	0.002080132	38.46335461
Chr_08	27100000	0.003971257	38.67136785
Chr_08	27200000	0.006749168	39.06849354
Chr_08	27300000	0.005516683	39.74341032
Chr_08	27400000	0	40.29507864
Chr_08	27500000	-6715.139438	40.29507864
Chr_09	100000	0.006380495	0
Chr_09	200000	0	0.638049522
Chr_09	300000	0.002595691	0.638049522
Chr_09	400000	0.00414966	0.897618577
Chr_09	500000	0.002016161	1.312584594
Chr_09	600000	0.004949016	1.514200671
Chr_09	700000	0.001581578	2.009102238
Chr_09	800000	0.00396471	2.167260036
Chr_09	900000	0.003919524	2.563731028
Chr_09	1000000	0.001492613	2.955683452
Chr_09	1100000	0.018058338	3.104944751
Chr_09	1200000	0.013884455	4.910778598
Chr_09	1300000	0.002687509	6.299224048
Chr_09	1400000	0.001195535	6.567974976
Chr_09	1500000	0.003700003	6.687528521
Chr_09	1600000	0.006183162	7.057528836
Chr_09	1700000	0	7.675845026
Chr_09	1800000	0.007568796	7.675845026
Chr_09	1900000	0	8.432724635
Chr_09	2000000	0.001968503	8.432724635
Chr_09	2100000	0	8.629574896
Chr_09	2200000	0	8.629574896
Chr_09	2300000	0.008131281	8.629574896
Chr_09	2400000	0.001389223	9.442702966
Chr_09	2500000	0	9.581625227
Chr_09	2700000	0	9.581625227
Chr_09	2800000	0	9.581625227
Chr_09	3000000	0	9.581625227
Chr_09	3100000	0.004033695	9.581625227
Chr_09	3200000	0.009930806	9.984994766
Chr_09	3300000	0.000270042	10.97807532
Chr_09	3500000	0.000270033	11.0050795
Chr_09	3700000	0.000238768	11.03208276
Chr_09	3800000	0.006683224	11.0559596
Chr_09	3900000	7.93864E-05	11.72428201
Chr_09	4000000	0.002584178	11.73222065
Chr_09	4300000	0.001522594	11.99063841
Chr_09	4700000	0.001522575	12.1428978
Chr_09	4800000	0.00017087	12.2951553
Chr_09	4900000	0.00250465	12.3122423
Chr_09	5000000	0.000982941	12.56270734
Chr_09	5200000	0.000982936	12.66100145
Chr_09	5800000	0	12.75929509
Chr_09	7200000	0	12.75929509
Chr_09	7500000	0	12.75929509
Chr_09	7600000	0.000475322	12.75929509
Chr_09	16700000	0.000475331	12.80682725
Chr_09	17300000	0.000475326	12.85436034
Chr_09	17600000	0.000475325	12.9018929
Chr_09	17700000	0	12.94942545
Chr_09	17900000	0	12.94942545
Chr_09	18000000	0.0031429	12.94942545
Chr_09	18100000	0.007490849	13.26371546
Chr_09	18300000	0.007554898	14.01280032
Chr_09	18500000	0	14.76829009
Chr_09	18600000	0.004698145	14.76829009
Chr_09	18800000	0.004698148	15.23810454
Chr_09	19100000	0.004698131	15.70791936
Chr_09	19600000	0	16.17773245
Chr_09	19700000	0.001575308	16.17773245
Chr_09	19800000	0.001592762	16.33526323
Chr_09	20000000	0.000232077	16.49453939
Chr_09	20100000	0.001831821	16.51774706
Chr_09	20200000	0.003662403	16.70092921
Chr_09	20300000	0	17.06716953
Chr_09	20400000	0	17.06716953
Chr_09	20500000	0.010290225	17.06716953
Chr_09	20600000	0	18.09619199
Chr_09	20700000	0.0049738	18.09619199
Chr_09	20800000	0.003670052	18.593572
Chr_09	20900000	0	18.96057724
Chr_09	21000000	0.004458636	18.96057724
Chr_09	21100000	0.001488898	19.40644081
Chr_09	21200000	0	19.55533065
Chr_09	21300000	0.010910167	19.55533065
Chr_09	21400000	0.159753831	20.6463474
Chr_09	21500000	0.008522983	36.62173053
Chr_09	21600000	0.160095712	37.47402884
Chr_09	21700000	0.004550302	53.48360008
Chr_09	21800000	0.001904048	53.93863025
Chr_09	21900000	0.005240844	54.12903503
Chr_09	22000000	0.014653759	54.65311939
Chr_09	22100000	0.001889425	56.11849531
Chr_09	22200000	0.001371966	56.3074378
Chr_09	22300000	0.004213479	56.44463437
Chr_09	22400000	0.002344312	56.86598231
Chr_09	22500000	0.007000274	57.10041352
Chr_09	22600000	0.011990011	57.80044095
Chr_09	22700000	0	58.9994421
Chr_09	22800000	0.007451773	58.9994421
Chr_09	22900000	0.009055477	59.74461937
Chr_09	23000000	0.004462679	60.65016705
Chr_09	23100000	0.001962455	61.09643494
Chr_09	23200000	0	61.2926804
Chr_09	23300000	0	61.2926804
Chr_09	23400000	0.004080358	61.2926804
Chr_09	23500000	0.007035384	61.70071619
Chr_09	23600000	0.005860268	62.40425461
Chr_09	23700000	0.003243691	62.99028138
Chr_09	23800000	0	63.31465045
Chr_09	23900000	0	63.31465045
Chr_09	24000000	0	63.31465045
Chr_09	24100000	0.013720835	63.31465045
Chr_09	24200000	0.001550396	64.68673394
Chr_09	24300000	0.0090163	64.8417735
Chr_09	24400000	0.001385788	65.74340349
Chr_09	24500000	0.00481401	65.88198226
Chr_09	24600000	0.006518229	66.36338326
Chr_09	24700000	0.002515761	67.01520617
Chr_09	24800000	0.00250668	67.26678222
Chr_09	24900000	0	67.51745023
Chr_09	25000000	-4523.473237	67.51745023
Chr_10	100000	0	0
Chr_10	200000	0.004904472	0
Chr_10	300000	0.004646452	0.49044721
Chr_10	400000	0.015925728	0.955092362
Chr_10	500000	0.003423311	2.547665158
Chr_10	600000	0.009767992	2.889996211
Chr_10	700000	0.005873684	3.866795435
Chr_10	800000	0.012398693	4.45416385
Chr_10	900000	0.013457495	5.694033156
Chr_10	1000000	0.007924029	7.039782619
Chr_10	1100000	0.012389365	7.832185551
Chr_10	1200000	0.007692102	9.071122024
Chr_10	1300000	0.003489466	9.840332263
Chr_10	1400000	0.011085049	10.18927886
Chr_10	1500000	0.009488433	11.29778379
Chr_10	1600000	0.004871017	12.24662712
Chr_10	1700000	0	12.73372886
Chr_10	1800000	0	12.73372886
Chr_10	1900000	0	12.73372886
Chr_10	2000000	0	12.73372886
Chr_10	2100000	0	12.73372886
Chr_10	2200000	0	12.73372886
Chr_10	2300000	0	12.73372886
Chr_10	2400000	0	12.73372886
Chr_10	2500000	0	12.73372886
Chr_10	2600000	0	12.73372886
Chr_10	2700000	0	12.73372886
Chr_10	2800000	0	12.73372886
Chr_10	2900000	0	12.73372886
Chr_10	3000000	0	12.73372886
Chr_10	3100000	0	12.73372886
Chr_10	3200000	0	12.73372886
Chr_10	3300000	0	12.73372886
Chr_10	3400000	0	12.73372886
Chr_10	3500000	0	12.73372886
Chr_10	3600000	0	12.73372886
Chr_10	3700000	0	12.73372886
Chr_10	3800000	0	12.73372886
Chr_10	3900000	0	12.73372886
Chr_10	4000000	0	12.73372886
Chr_10	4100000	0	12.73372886
Chr_10	4200000	0	12.73372886
Chr_10	4300000	0	12.73372886
Chr_10	4400000	0	12.73372886
Chr_10	4500000	0	12.73372886
Chr_10	4600000	0	12.73372886
Chr_10	4700000	0	12.73372886
Chr_10	4800000	0	12.73372886
Chr_10	4900000	0	12.73372886
Chr_10	5000000	0	12.73372886
Chr_10	5100000	0	12.73372886
Chr_10	5200000	0	12.73372886
Chr_10	5300000	0	12.73372886
Chr_10	5400000	0	12.73372886
Chr_10	5500000	0	12.73372886
Chr_10	5600000	0	12.73372886
Chr_10	5800000	0	12.73372886
Chr_10	5900000	0	12.73372886
Chr_10	6000000	0	12.73372886
Chr_10	6100000	0	12.73372886
Chr_10	6200000	0.001831487	12.73372886
Chr_10	6400000	0	12.91687753
Chr_10	7000000	0.001291302	12.91687753
Chr_10	7100000	0.000925941	13.04600777
Chr_10	7400000	0.000925946	13.13860186
Chr_10	7600000	0.008871633	13.23119642
Chr_10	7700000	0.006644908	14.11835967
Chr_10	7800000	0.004282393	14.78285045
Chr_10	7900000	0.001657936	15.21108972
Chr_10	8000000	0.006174452	15.37688334
Chr_10	8200000	0	15.99432858
Chr_10	8500000	0	15.99432858
Chr_10	8600000	0	15.99432858
Chr_10	8700000	0	15.99432858
Chr_10	8800000	0	15.99432858
Chr_10	8900000	0.005341588	15.99432858
Chr_10	9000000	0	16.52848743
Chr_10	9100000	0.001394777	16.52848743
Chr_10	9200000	0	16.6679651
Chr_10	9300000	0	16.6679651
Chr_10	9500000	0	16.6679651
Chr_10	9600000	0.000292488	16.6679651
Chr_10	9800000	0.000292471	16.69721388
Chr_10	13100000	0.000292563	16.72646101
Chr_10	13400000	0.000292476	16.75571732
Chr_10	13700000	0.001060872	16.7849649
Chr_10	13900000	0.001060765	16.89105212
Chr_10	14000000	0	16.99712866
Chr_10	14200000	0	16.99712866
Chr_10	14300000	0	16.99712866
Chr_10	14400000	0	16.99712866
Chr_10	14500000	0	16.99712866
Chr_10	14600000	0.002037061	16.99712866
Chr_10	14900000	0.00203734	17.20083471
Chr_10	15700000	0.002037338	17.40456867
Chr_10	16000000	0.001814738	17.60830244
Chr_10	16100000	0.00145063	17.78977623
Chr_10	16200000	0.009288341	17.93483924
Chr_10	16400000	0.009288466	18.86367331
Chr_10	16500000	0	19.79251995
Chr_10	16900000	0.000844348	19.79251995
Chr_10	17000000	0.002669503	19.87695476
Chr_10	17300000	0.002669631	20.14390506
Chr_10	17400000	0.002511512	20.41086813
Chr_10	17500000	0.002307184	20.66201935
Chr_10	17600000	0	20.89273775
Chr_10	17700000	0	20.89273775
Chr_10	17800000	0	20.89273775
Chr_10	17900000	0.001140954	20.89273775
Chr_10	18000000	0.004984985	21.00683318
Chr_10	18100000	0	21.50533168
Chr_10	18200000	0.011327865	21.50533168
Chr_10	18300000	0.002403225	22.63811821
Chr_10	18400000	0.007713981	22.87844067
Chr_10	18500000	0.004913895	23.64983872
Chr_10	18600000	0.003000828	24.14122826
Chr_10	18700000	0.006128779	24.44131108
Chr_10	18800000	0.004476021	25.05418899
Chr_10	18900000	0.00216688	25.5017911
Chr_10	19000000	0	25.71847912
Chr_10	19100000	0.009746763	25.71847912
Chr_10	19200000	0.003343227	26.69315539
Chr_10	19300000	0.003028039	27.02747805
Chr_10	19400000	0	27.33028197
Chr_10	19500000	0.00144753	27.33028197
Chr_10	19700000	0.001447393	27.47503498
Chr_10	19800000	0.005716598	27.6197743
Chr_10	19900000	0.003320397	28.19143411
Chr_10	20000000	0.005531651	28.5234738
Chr_10	20100000	0	29.07663893
Chr_10	20200000	0.012359772	29.07663893
Chr_10	20300000	0.003792525	30.31261617
Chr_10	20400000	0.003392468	30.69186871
Chr_10	20500000	0.005161413	31.03111551
Chr_10	20600000	0	31.5472568
Chr_10	20700000	0.008661564	31.5472568
Chr_10	20800000	0.007471137	32.41341316
Chr_10	20900000	0.002916882	33.16052689
Chr_10	21000000	0.012054295	33.45221505
Chr_10	21100000	0.006458746	34.6576445
Chr_10	21200000	0.001654484	35.30351914
Chr_10	21300000	0.004951357	35.46896757
Chr_10	21400000	0	35.96410325
Chr_10	21500000	0.01177525	35.96410325
Chr_10	21600000	0.000998767	37.14162826
Chr_10	21700000	0.003513015	37.24150494
Chr_10	21800000	0	37.59280643
Chr_10	21900000	-4478.784769	37.59280643
Chr_11	100000	0	0
Chr_11	200000	0	0
Chr_11	300000	0.0045125	0
Chr_11	400000	0.010370366	0.451249978
Chr_11	500000	0	1.488286623
Chr_11	600000	0.007858967	1.488286623
Chr_11	700000	0.001785912	2.274183361
Chr_11	800000	0.002369088	2.452774559
Chr_11	900000	0.003979086	2.689683405
Chr_11	1000000	0	3.087591987
Chr_11	1100000	0.006814181	3.087591987
Chr_11	1200000	0.005214837	3.769010087
Chr_11	1300000	0.002537153	4.290493747
Chr_11	1400000	0.003980868	4.544209002
Chr_11	1500000	0.001372682	4.942295753
Chr_11	1600000	0.003190217	5.079563978
Chr_11	1700000	0.004282008	5.398585651
Chr_11	1800000	0.001978713	5.826786414
Chr_11	1900000	0.006529699	6.024657763
Chr_11	2000000	0.01054256	6.677627627
Chr_11	2100000	0.002698356	7.731883595
Chr_11	2200000	0	8.00171919
Chr_11	2300000	0.004102637	8.00171919
Chr_11	2400000	0.002030743	8.411982854
Chr_11	2500000	0	8.615057182
Chr_11	2600000	0.00784552	8.615057182
Chr_11	2700000	0.001916413	9.399609201
Chr_11	2800000	0.007326475	9.591250551
Chr_11	2900000	0	10.32389808
Chr_11	3000000	0.004081934	10.32389808
Chr_11	3100000	0.008018094	10.73209144
Chr_11	3200000	0.001326177	11.53390084
Chr_11	3300000	0.004080251	11.6665185
Chr_11	4300000	0.004080284	12.07454356
Chr_11	4400000	0.002894946	12.48257194
Chr_11	4500000	0.00793959	12.77206654
Chr_11	4600000	0.007586657	13.56602551
Chr_11	4700000	0	14.32469121
Chr_11	4800000	0.010014861	14.32469121
Chr_11	4900000	0.005149011	15.32617732
Chr_11	5000000	0.002694304	15.84107839
Chr_11	5100000	0.002536267	16.11050884
Chr_11	5200000	0	16.36413557
Chr_11	5300000	0	16.36413557
Chr_11	5400000	0	16.36413557
Chr_11	5500000	0	16.36413557
Chr_11	5600000	0.007352707	16.36413557
Chr_11	5700000	0	17.09940628
Chr_11	5800000	0	17.09940628
Chr_11	5900000	0.009104913	17.09940628
Chr_11	6600000	0	18.00989758
Chr_11	6800000	0	18.00989758
Chr_11	6900000	0.005506891	18.00989758
Chr_11	7000000	0	18.56058667
Chr_11	7100000	0.020562698	18.56058667
Chr_11	7200000	0.016967911	20.61685651
Chr_11	7900000	0.01696795	22.31364758
Chr_11	8100000	0	24.01044254
Chr_11	8900000	0.019855463	24.01044254
Chr_11	10500000	0.019855454	25.99598884
Chr_11	22600000	0.039226972	27.98153424
Chr_11	22700000	0	31.90423146
Chr_11	22800000	0.006554653	31.90423146
Chr_11	22900000	0	32.55969679
Chr_11	23000000	0	32.55969679
Chr_11	23100000	0.010925557	32.55969679
Chr_11	23200000	0.002177943	33.65225252
Chr_11	23400000	0.002360788	33.87004686
Chr_11	23500000	0.000816216	34.10612563
Chr_11	23600000	0	34.18774725
Chr_11	23700000	0.002828381	34.18774725
Chr_11	23800000	0.007887417	34.47058538
Chr_11	24000000	0	35.25932712
Chr_11	24200000	0.002306487	35.25932712
Chr_11	24300000	0.003634582	35.4899758
Chr_11	24400000	0.003565018	35.85343402
Chr_11	24600000	0.008708291	36.2099358
Chr_11	25800000	0.008708256	37.08076491
Chr_11	26100000	0	37.95159049
Chr_11	26200000	0.000382862	37.95159049
Chr_11	26500000	0.0003829	37.98987667
Chr_11	27100000	0.002519525	38.02816666
Chr_11	27200000	0.005418796	38.28011919
Chr_11	27400000	0.005418839	38.82199878
Chr_11	27500000	0.014161864	39.36388264
Chr_11	27700000	0.014161796	40.78006903
Chr_11	30800000	0.014161842	42.1962486
Chr_11	31800000	0	43.61243279
Chr_11	31900000	0.002049317	43.61243279
Chr_11	32000000	0.017579713	43.81736444
Chr_11	32100000	0.002474639	45.57533575
Chr_11	32200000	0	45.82279963
Chr_11	32300000	0.006821431	45.82279963
Chr_11	32400000	0	46.50494269
Chr_11	32500000	0.009072693	46.50494269
Chr_11	32600000	0.002504862	47.41221195
Chr_11	32700000	0	47.66269816
Chr_11	32800000	0.001258286	47.66269816
Chr_11	32900000	0.002478558	47.78852674
Chr_11	33000000	0.006303742	48.03638257
Chr_11	33100000	0.001091352	48.66675681
Chr_11	33200000	-3997.838149	48.77589205
Chr_12	0	0.007086491	0
Chr_12	100000	0.012267082	0.708649138
Chr_12	200000	0	1.935357374
Chr_12	300000	0	1.935357374
Chr_12	400000	0.001336609	1.935357374
Chr_12	500000	0.000375729	2.069018275
Chr_12	600000	0.000906909	2.106591132
Chr_12	700000	0.013465243	2.197282032
Chr_12	800000	0	3.543806356
Chr_12	900000	0.002917467	3.543806356
Chr_12	1000000	0	3.835553058
Chr_12	1100000	0.005920154	3.835553058
Chr_12	1200000	0	4.427568414
Chr_12	1300000	0	4.427568414
Chr_12	1400000	0	4.427568414
Chr_12	1500000	0.005729222	4.427568414
Chr_12	1600000	0.004440587	5.000490602
Chr_12	1700000	0.007057915	5.44454928
Chr_12	1800000	0.002417545	6.150340773
Chr_12	1900000	0.005024745	6.392095246
Chr_12	2000000	0.002888141	6.894569734
Chr_12	2100000	0.002438416	7.183383867
Chr_12	2200000	0.001286755	7.42722545
Chr_12	2300000	0.006209345	7.555900927
Chr_12	2500000	0.006209346	8.176835444
Chr_12	2600000	0.003235851	8.797770021
Chr_12	2700000	0.013162237	9.12135517
Chr_12	2800000	0.006398878	10.43757883
Chr_12	2900000	0.004663224	11.07746658
Chr_12	3000000	5.76531E-05	11.54378901
Chr_12	3100000	0	11.54955432
Chr_12	3200000	0.00129433	11.54955432
Chr_12	3300000	0	11.67898736
Chr_12	3400000	0.001958239	11.67898736
Chr_12	3600000	0.003084922	11.8748113
Chr_12	3800000	0.003140403	12.1833035
Chr_12	4300000	0.003140375	12.49734379
Chr_12	4400000	0	12.81138128
Chr_12	4500000	0.062165685	12.81138128
Chr_12	4600000	0.033361765	19.02794978
Chr_12	4800000	0.033361741	22.36412629
Chr_12	4900000	0	25.70030043
Chr_12	5000000	0.001207162	25.70030043
Chr_12	6200000	0.001207129	25.82101661
Chr_12	6500000	0.001207085	25.9417295
Chr_12	6600000	0.004976579	26.06243804
Chr_12	6800000	0.00497661	26.56009598
Chr_12	7400000	0.004976614	27.05775701
Chr_12	7500000	0	27.55541843
Chr_12	7700000	0.000455296	27.55541843
Chr_12	8200000	0.000455235	27.60094799
Chr_12	11200000	0.000455251	27.64647146
Chr_12	11500000	0.000455233	27.69199655
Chr_12	16000000	0.003521195	27.7375198
Chr_12	16100000	0.002950138	28.08963935
Chr_12	16200000	0	28.38465312
Chr_12	16300000	0	28.38465312
Chr_12	16400000	0.002512	28.38465312
Chr_12	16500000	0.001394925	28.63585312
Chr_12	16600000	0.001070251	28.7753456
Chr_12	16900000	0	28.88237067
Chr_12	17000000	0.003603955	28.88237067
Chr_12	17100000	0	29.2427662
Chr_12	17300000	0	29.2427662
Chr_12	17400000	0	29.2427662
Chr_12	17500000	0.003472868	29.2427662
Chr_12	17600000	0	29.590053
Chr_12	17700000	0.001945717	29.590053
Chr_12	17800000	0	29.78462475
Chr_12	17900000	0.011603762	29.78462475
Chr_12	18100000	0	30.94500098
Chr_12	18300000	0.03537525	30.94500098
Chr_12	18500000	0.035375176	34.48252603
Chr_12	18600000	0.032669072	38.02004366
Chr_12	18900000	0.032669114	41.28695091
Chr_12	19000000	0.012423058	44.55386233
Chr_12	19100000	0	45.79616816
Chr_12	19200000	0	45.79616816
Chr_12	19300000	0.002027815	45.79616816
Chr_12	19400000	0	45.99894963
Chr_12	19500000	0	45.99894963
Chr_12	19700000	0	45.99894963
Chr_12	19800000	0	45.99894963
Chr_12	19900000	0	45.99894963
Chr_12	20000000	0.005052412	45.99894963
Chr_12	20100000	0	46.50419084
Chr_12	20200000	0.009939131	46.50419084
Chr_12	20300000	0	47.49810399
Chr_12	20400000	0.008405882	47.49810399
Chr_12	20500000	0.004153009	48.33869218
Chr_12	20600000	0.010873708	48.75399305
Chr_12	20700000	0.001645119	49.84136385
Chr_12	20800000	0.005035852	50.00587573
Chr_12	20900000	0.004317595	50.50946091
Chr_12	21000000	0.004278822	50.94122036
Chr_12	21100000	0.001253439	51.36910256
Chr_12	21200000	0.001470909	51.49444647
Chr_12	21300000	0	51.64153739
Chr_12	21400000	0	51.64153739
Chr_12	21500000	0.00347232	51.64153739
Chr_12	21600000	0.002830736	51.98876937
Chr_12	21700000	0.004484208	52.27184295
Chr_12	21800000	0.002433586	52.72026372
Chr_12	21900000	0.001239547	52.96362232
Chr_12	22000000	0.007958339	53.08757703
Chr_12	22100000	0.002696975	53.88341095
Chr_12	22200000	0.004013185	54.15310847
Chr_12	22300000	0.002461668	54.55442696
Chr_12	22400000	0.001259777	54.80059371
Chr_12	22500000	0.001280874	54.92657145
Chr_12	22600000	0.007465399	55.05465887
Chr_12	22700000	0.005631433	55.80119878
Chr_12	22800000	0.004867218	56.3643421
Chr_12	22900000	0.010077408	56.85106387
Chr_12	23000000	0.00546441	57.85880471
Chr_12	23100000	0.003136486	58.40524568
Chr_12	23200000	0.005286451	58.71889432
Chr_12	23300000	0.005838192	59.24753946
Chr_12	23400000	0.00794516	59.83135864
Chr_12	23500000	0.003523845	60.6258746
Chr_12	23600000	0.007521356	60.97825913
Chr_12	23700000	0.008191395	61.73039478
Chr_12	23800000	0.007532273	62.54953433
Chr_12	23900000	0.010463344	63.30276166
Chr_12	24000000	0.00185528	64.34909605
Chr_12	24100000	0.004581842	64.53462407
Chr_12	24200000	0.00789438	64.99280831
Chr_12	24300000	0	65.78224633
Chr_12	24400000	0.008684049	65.78224633
Chr_12	24500000	0.001258032	66.65065125
Chr_12	24600000	0.002863574	66.7764544
Chr_12	24700000	0	67.06281183
Chr_12	24800000	0.011211533	67.06281183
Chr_12	24900000	0	68.18396515
Chr_12	25000000	0.002403296	68.18396515
Chr_12	25100000	0.009145762	68.42429479
Chr_12	25200000	0.006861066	69.33887103
Chr_12	25300000	0	70.02497765
Chr_12	25400000	0.007182562	70.02497765
Chr_12	25500000	0.001390805	70.7432339
Chr_12	25600000	0	70.88231437
Chr_12	25700000	-4972.586296	70.88231437
Chr_13	100000	0	0
Chr_13	200000	0.006149381	0
Chr_13	300000	0.004989364	0.614938102
Chr_13	400000	0.003065605	1.113874484
Chr_13	500000	0.005416449	1.420434996
Chr_13	600000	0.009776212	1.962079887
Chr_13	700000	0.00227401	2.93970109
Chr_13	800000	0.006762724	3.167102078
Chr_13	900000	0.013804536	3.843374434
Chr_13	1000000	0.002179124	5.223828053
Chr_13	1100000	0.002639109	5.441740459
Chr_13	1300000	0.002648687	5.705651391
Chr_13	1400000	0.007938157	5.970520049
Chr_13	1500000	0.011078428	6.764335778
Chr_13	1800000	0.01113846	7.872178546
Chr_13	1900000	0.004538323	8.986024499
Chr_13	2400000	0.004538319	9.439856827
Chr_13	2500000	0.003429884	9.893688776
Chr_13	2600000	0.002021558	10.23667718
Chr_13	3200000	0.002021553	10.438833
Chr_13	3300000	0.005347304	10.64098828
Chr_13	3400000	0.010901268	11.17571864
Chr_13	3500000	0.000716426	12.26584544
Chr_13	3700000	0.00105645	12.33748799
Chr_13	3900000	0.001838169	12.44313304
Chr_13	4000000	0.000632802	12.62694993
Chr_13	4200000	0.000762934	12.69023016
Chr_13	4300000	0.00146349	12.7665236
Chr_13	4400000	0	12.91287258
Chr_13	4500000	0.00125489	12.91287258
Chr_13	4600000	0	13.03836162
Chr_13	4700000	0	13.03836162
Chr_13	4800000	0.000577284	13.03836162
Chr_13	4900000	0.002725192	13.09609
Chr_13	5500000	0.002725197	13.36860925
Chr_13	6000000	0.005757939	13.64112892
Chr_13	6100000	0.001070901	14.21692282
Chr_13	6600000	0.001070903	14.32401287
Chr_13	6900000	0.001070899	14.43110319
Chr_13	7200000	0.001070896	14.53819311
Chr_13	18500000	0.001070895	14.64528267
Chr_13	18700000	0	14.75237214
Chr_13	19100000	0	14.75237214
Chr_13	19200000	0.001717769	14.75237214
Chr_13	19300000	0.004074681	14.92414902
Chr_13	19500000	0.004074679	15.33161709
Chr_13	19800000	0	15.73908503
Chr_13	20500000	0.000311683	15.73908503
Chr_13	20800000	0.000302773	15.77025329
Chr_13	21300000	0.000302773	15.80053057
Chr_13	21500000	0.000302773	15.83080783
Chr_13	21700000	0.007319824	15.86108511
Chr_13	21800000	0	16.59306752
Chr_13	21900000	0.002106644	16.59306752
Chr_13	22200000	0.002106642	16.80373188
Chr_13	22300000	0	17.01439612
Chr_13	22400000	0.00646915	17.01439612
Chr_13	22500000	0.013613769	17.6613111
Chr_13	23300000	0.013613768	19.02268797
Chr_13	23700000	0	20.38406475
Chr_13	23800000	0.003262177	20.38406475
Chr_13	23900000	0.01036884	20.71028242
Chr_13	24000000	0.006585659	21.74716642
Chr_13	24100000	0	22.40573227
Chr_13	24200000	0.007889219	22.40573227
Chr_13	24300000	0.003646943	23.19465416
Chr_13	24400000	0.007015653	23.55934845
Chr_13	24500000	0.024140388	24.26091375
Chr_13	24600000	0.007717517	26.67495254
Chr_13	24700000	0	27.44670423
Chr_13	24800000	0.003008328	27.44670423
Chr_13	24900000	0.006044455	27.74753706
Chr_13	25000000	0.002284272	28.35198259
Chr_13	25100000	0.005974411	28.58040975
Chr_13	25200000	0.004839652	29.17785089
Chr_13	25300000	0	29.66181612
Chr_13	25400000	0	29.66181612
Chr_13	25500000	0	29.66181612
Chr_13	25600000	0	29.66181612
Chr_13	25700000	0	29.66181612
Chr_13	25800000	0	29.66181612
Chr_13	25900000	0	29.66181612
Chr_13	26000000	0	29.66181612
Chr_13	26100000	0	29.66181612
Chr_13	26200000	0	29.66181612
Chr_13	26300000	0	29.66181612
Chr_13	26400000	0	29.66181612
Chr_13	26500000	0	29.66181612
Chr_13	26600000	0	29.66181612
Chr_13	26700000	0	29.66181612
Chr_13	26800000	0	29.66181612
Chr_13	26900000	0	29.66181612
Chr_13	27000000	0	29.66181612
Chr_13	27100000	0	29.66181612
Chr_13	27200000	0	29.66181612
Chr_13	27300000	0	29.66181612
Chr_13	27400000	0	29.66181612
Chr_13	27500000	0	29.66181612
Chr_13	27600000	0	29.66181612
Chr_13	27700000	0	29.66181612
Chr_13	27800000	0	29.66181612
Chr_13	27900000	0	29.66181612
Chr_13	28000000	0	29.66181612
Chr_13	28100000	0	29.66181612
Chr_13	28200000	0	29.66181612
Chr_13	28300000	0	29.66181612
Chr_13	28400000	0	29.66181612
Chr_13	28500000	0	29.66181612
Chr_13	28600000	0	29.66181612
Chr_13	28700000	0	29.66181612
Chr_13	28800000	0	29.66181612
Chr_13	28900000	0	29.66181612
Chr_13	29000000	0	29.66181612
Chr_13	29100000	0	29.66181612
Chr_13	29200000	0	29.66181612
Chr_13	29300000	0	29.66181612
Chr_13	29400000	0	29.66181612
Chr_13	29500000	0	29.66181612
Chr_13	29600000	0	29.66181612
Chr_13	29700000	0	29.66181612
Chr_13	29800000	0	29.66181612
Chr_13	29900000	0.004740013	29.66181612
Chr_13	30000000	0.006018707	30.13581738
Chr_13	30100000	0.008723092	30.73768805
Chr_13	30200000	0.010218304	31.60999721
Chr_13	30300000	0.009343236	32.63182758
Chr_13	30400000	0.025544735	33.56615121
Chr_13	30500000	0.003648189	36.12062473
Chr_13	30600000	-4084.613615	36.48544361
Chr_14	100000	0	0
Chr_14	200000	0.005059603	0
Chr_14	300000	0.00185396	0.505960348
Chr_14	400000	0.001592036	0.691356307
Chr_14	500000	0.007031453	0.850559867
Chr_14	600000	0.004552236	1.553705175
Chr_14	700000	0	2.008928792
Chr_14	800000	0.004403982	2.008928792
Chr_14	900000	0.001863573	2.449326945
Chr_14	1000000	0.001870256	2.63568423
Chr_14	1100000	0.003977284	2.82270981
Chr_14	1200000	0.001602479	3.220438247
Chr_14	1300000	0.002081707	3.38068611
Chr_14	1400000	0.003083856	3.588856783
Chr_14	1500000	0.008329846	3.89724237
Chr_14	1600000	0.001882017	4.73022696
Chr_14	1700000	0.006256729	4.918428645
Chr_14	1800000	0	5.544101553
Chr_14	1900000	0.007464166	5.544101553
Chr_14	2000000	0.002379341	6.29051819
Chr_14	2100000	0.004251446	6.528452335
Chr_14	2200000	0.004318844	6.95359697
Chr_14	2300000	0.00368283	7.385481335
Chr_14	2400000	0	7.753764318
Chr_14	2500000	0.01180123	7.753764318
Chr_14	2600000	0.001425458	8.933887351
Chr_14	2700000	0	9.076433119
Chr_14	2800000	0.002927772	9.076433119
Chr_14	2900000	0.008706632	9.369210285
Chr_14	3000000	0	10.2398735
Chr_14	3100000	0.003433075	10.2398735
Chr_14	3200000	0.00219808	10.58318101
Chr_14	3300000	0.007651883	10.80298897
Chr_14	3400000	0.003897663	11.56817731
Chr_14	3500000	0.009456747	11.95794362
Chr_14	3600000	0.005129594	12.9036183
Chr_14	3700000	0.007267412	13.41657768
Chr_14	3800000	0	14.14331889
Chr_14	3900000	0.002797233	14.14331889
Chr_14	4000000	0.003644715	14.42304223
Chr_14	4200000	0.006233551	14.78751372
Chr_14	4400000	0.006226251	15.41086879
Chr_14	4500000	0.001375623	16.03349394
Chr_14	4600000	0	16.17105626
Chr_14	4700000	0.001863213	16.17105626
Chr_14	4800000	0.001989625	16.35737758
Chr_14	4900000	0	16.55634011
Chr_14	5000000	0	16.55634011
Chr_14	5100000	0.002780944	16.55634011
Chr_14	5200000	0.001483096	16.83443451
Chr_14	5300000	0.00149028	16.98274413
Chr_14	5400000	0.001592413	17.13177215
Chr_14	5500000	0.010395932	17.29101343
Chr_14	5700000	0.010395934	18.33060662
Chr_14	5800000	0.013871478	19.37019998
Chr_14	5900000	0	20.75734776
Chr_14	6000000	0.016847349	20.75734776
Chr_14	6100000	0	22.44208268
Chr_14	6200000	0.002381449	22.44208268
Chr_14	6400000	0.00238145	22.68022756
Chr_14	6500000	0	22.91837257
Chr_14	6700000	0	22.91837257
Chr_14	6800000	0	22.91837257
Chr_14	6900000	0.007970407	22.91837257
Chr_14	7000000	0	23.71541327
Chr_14	7100000	0.003760745	23.71541327
Chr_14	7200000	0	24.09148775
Chr_14	7300000	0.003612034	24.09148775
Chr_14	7400000	0	24.45269115
Chr_14	7500000	0	24.45269115
Chr_14	7600000	0.003192883	24.45269115
Chr_14	7700000	0.003151873	24.77197945
Chr_14	7800000	0	25.08716678
Chr_14	7900000	0.004444361	25.08716678
Chr_14	8000000	0	25.53160288
Chr_14	8100000	0.00233614	25.53160288
Chr_14	8200000	0.001742607	25.76521688
Chr_14	8300000	0	25.93947761
Chr_14	8400000	0	25.93947761
Chr_14	8500000	0.003034625	25.93947761
Chr_14	8600000	0.003086023	26.24294012
Chr_14	8700000	0	26.55154243
Chr_14	8800000	0.002903697	26.55154243
Chr_14	8900000	0.00438346	26.84191215
Chr_14	9000000	0	27.28025816
Chr_14	9100000	0	27.28025816
Chr_14	9200000	0.003662634	27.28025816
Chr_14	9300000	0	27.64652152
Chr_14	9400000	0.002441172	27.64652152
Chr_14	9500000	0	27.89063872
Chr_14	9600000	0.001228855	27.89063872
Chr_14	9700000	0.00731841	28.01352421
Chr_14	9800000	0.003074499	28.74536521
Chr_14	10000000	0.003074498	29.05281508
Chr_14	10100000	0	29.36026487
Chr_14	10200000	0	29.36026487
Chr_14	10400000	0	29.36026487
Chr_14	11700000	0	29.36026487
Chr_14	11800000	0.001527109	29.36026487
Chr_14	11900000	0.001534341	29.51297582
Chr_14	12000000	0	29.66640996
Chr_14	12200000	0.001595397	29.66640996
Chr_14	14700000	0.001595391	29.82594965
Chr_14	15200000	0	29.98548878
Chr_14	15300000	0	29.98548878
Chr_14	15400000	0.002560871	29.98548878
Chr_14	15500000	0	30.24157591
Chr_14	15600000	0	30.24157591
Chr_14	15700000	0	30.24157591
Chr_14	15800000	0.003254669	30.24157591
Chr_14	15900000	0.00564015	30.56704279
Chr_14	16000000	0.00213877	31.13105775
Chr_14	16100000	0	31.34493472
Chr_14	16200000	0	31.34493472
Chr_14	16300000	0.001226053	31.34493472
Chr_14	16400000	0	31.46754003
Chr_14	16500000	0.001225275	31.46754003
Chr_14	16600000	0.001232652	31.59006751
Chr_14	16700000	0.001295643	31.71333269
Chr_14	16800000	0	31.84289702
Chr_14	16900000	0.001409194	31.84289702
Chr_14	17000000	0.001692704	31.98381646
Chr_14	17200000	0.001692711	32.15308687
Chr_14	17300000	0	32.32235794
Chr_14	17400000	0.004380204	32.32235794
Chr_14	17500000	0.002169675	32.76037838
Chr_14	17700000	0.002169669	32.97734585
Chr_14	17800000	0	33.19431277
Chr_14	17900000	0.003683276	33.19431277
Chr_14	18000000	0	33.56264041
Chr_14	18100000	0.001219069	33.56264041
Chr_14	18200000	0	33.68454729
Chr_14	18300000	0.004322183	33.68454729
Chr_14	18500000	0.004322185	34.11676562
Chr_14	18600000	0	34.54898417
Chr_14	18700000	0.003998811	34.54898417
Chr_14	18800000	0.002297565	34.94886525
Chr_14	18900000	0.003579364	35.17862178
Chr_14	19200000	0.003579356	35.53655819
Chr_14	19300000	0	35.89449378
Chr_14	19400000	0.002454857	35.89449378
Chr_14	19600000	0.002454867	36.13997952
Chr_14	19700000	0.006329649	36.38546627
Chr_14	19800000	0.007425377	37.01843112
Chr_14	19900000	0	37.76096882
Chr_14	20000000	0.002797389	37.76096882
Chr_14	20100000	0.004175724	38.04070771
Chr_14	20300000	0.006853529	38.45828009
Chr_14	20400000	0	39.14363297
Chr_14	20500000	0	39.14363297
Chr_14	20700000	0	39.14363297
Chr_14	20800000	0.006246584	39.14363297
Chr_14	20900000	0	39.76829134
Chr_14	21000000	0	39.76829134
Chr_14	21100000	0.002418369	39.76829134
Chr_14	21200000	0.004750694	40.01012823
Chr_14	21300000	0.006103347	40.48519761
Chr_14	21400000	0	41.09553231
Chr_14	21500000	0.00433164	41.09553231
Chr_14	21600000	0	41.52869628
Chr_14	21700000	0.002594431	41.52869628
Chr_14	21800000	0.013383223	41.78813935
Chr_14	21900000	0.001943074	43.12646166
Chr_14	22000000	0.001831072	43.32076902
Chr_14	22100000	0	43.50387618
Chr_14	22200000	0.007703985	43.50387618
Chr_14	22300000	0.001911564	44.27427467
Chr_14	22400000	0.00125362	44.4654311
Chr_14	22500000	0	44.59079314
Chr_14	22600000	0.00400957	44.59079314
Chr_14	22700000	0.003845371	44.99175015
Chr_14	22900000	0.006166988	45.37628723
Chr_14	23000000	0.003481777	45.99298603
Chr_14	23100000	0.002139942	46.34116372
Chr_14	23200000	0.006463733	46.5551579
Chr_14	23300000	0.002089777	47.20153122
Chr_14	23400000	0	47.41050896
Chr_14	23500000	0.006023222	47.41050896
Chr_14	23600000	0.003224957	48.0128312
Chr_14	23700000	0.002352638	48.33532689
Chr_14	23800000	0.007337414	48.57059068
Chr_14	23900000	0.004145454	49.30433213
Chr_14	24000000	0.002367774	49.71887755
Chr_14	24100000	0.009514603	49.95565499
Chr_14	24200000	0.001570877	50.90711533
Chr_14	24300000	0.007024956	51.06420302
Chr_14	24400000	0.002767778	51.76669863
Chr_14	24500000	0.00366382	52.04347648
Chr_14	24600000	0	52.40985853
Chr_14	24700000	0.002437138	52.40985853
Chr_14	24800000	0.007357055	52.6535723
Chr_14	24900000	0	53.3892778
Chr_14	25000000	0.011045514	53.3892778
Chr_14	25100000	0	54.49382923
Chr_14	25200000	0.004828598	54.49382923
Chr_14	25300000	0.002792007	54.97668907
Chr_14	25400000	0.006156036	55.25588981
Chr_14	25500000	0.003208957	55.87149344
Chr_14	25600000	0.003634392	56.19238912
Chr_14	25700000	0.003728779	56.55582837
Chr_14	25800000	0.001231016	56.92870623
Chr_14	25900000	0.001623555	57.0518078
Chr_14	26000000	0.00698762	57.21416333
Chr_14	26100000	0.002427551	57.91292528
Chr_14	26200000	0.002278494	58.15568039
Chr_14	26300000	0.003457331	58.38352981
Chr_14	26400000	0.004973548	58.72926286
Chr_14	26500000	0.005997028	59.22661762
Chr_14	26600000	0.001446144	59.8263204
Chr_14	26700000	0.002021432	59.97093476
Chr_14	26800000	0.004205898	60.17307798
Chr_14	26900000	0.010758653	60.59366778
Chr_14	27000000	0.006201582	61.66953307
Chr_14	27100000	0	62.28969132
Chr_14	27200000	0.005465842	62.28969132
Chr_14	27300000	0.001836517	62.83627551
Chr_14	27400000	0.001202408	63.01992721
Chr_14	27500000	0.001218641	63.14016801
Chr_14	27600000	0.002428293	63.26203208
Chr_14	27700000	0	63.50486137
Chr_14	27800000	0.00345774	63.50486137
Chr_14	27900000	0	63.85063539
Chr_14	28000000	-6283.692436	63.85063539
